FLUID_PROPERTIES
oil_viscosity=1.161
water_viscosity=0.9875
surface_tension=0.319
CONSTRAINTS
viscosity_ratio=1.1756962025316455:1.1756962025316455
DESIRED_VALS
generation_rate=500
droplet_size=25
