FLUID_PROPERTIES
oil_viscosity=1.61
water_viscosity=0.931
surface_tension=0.543
CONSTRAINTS
water_flow_rate=150.0:150.0
viscosity_ratio=1.7293233082706767:1.7293233082706767
DESIRED_VALS
droplet_size=40
